#
e      |  e2     |  btn    |  bc      |  c        |  ck
0-19   |  19-33  |  33-62  |  62-103  |  103-124  |  124a+
1,70   |  0,49   |  0,46   |  0,24    |  0,21     |  0,21
0,99   |  0,29   |  0,27   |  0,14    |  0,12     |  0,12
0,106  |  0,041  |  0,041  |  0,027   |  0,019    |  0,019
9,3    |  7,1    |  6,5    |  5,2     |  6,3      |  6,3
4,0    |  5,0    |  14,0   |  10,4    |  6,8      |  6,8
46,6   |  45,0   |  43,7   |  42,0    |  43,2     |  44,6
41,5   |  44,8   |  36,7   |  41,3    |  48,0     |  42,2
5,3    |  1,8    |  3,7    |  3,8     |  0,1      |  4,0
0,6    |  0,3    |  0,4    |  0,2     |  0,1      |  0,1
0,7    |  0,3    |  0,8    |  0,3     |  0,1      |  0,7
-      |  -      |  0,2    |  0,1     |  -        |
0,0    |  0,0    |  1,39   |  1,71    |  0,28     |  2,46
15,1   |  14,3   |  21,0   |  19,5    |  17,3     |  17,7
6,0    |  7,2    |  8,3    |  9,1     |  9,4      |  9,5
5,0    |  5,7    |  6,5    |  6,9     |  7,2      |  7,5
1,6    |  1,1    |  -      |  -       |  -        |
0,4    |  0,6    |  -      |  8,4     |  9,1      |  11,5
2,8    |  1,6    |  2,7    |  2,2     |  2,1      |  1,9
3,4    |  0,5    |  -      |  -       |  -        |
-      |  4      |  -      |  38      |  47       |  56
13,1   |  14,2   |  -      |  -       |  -        |
16,5   |  15,0   |  28,3   |  22,4    |  19,4     |  20,4
79     |  95     |  -      |  -       |  -        |
#
ap    |  ac     |  c
0-25  |  25-54  |  54a+
2,2   |  2,0    |  0,2
1,30  |  1,14   |  0,12
0,12  |  0,06   |  0,03
10,8  |  19,0   |  4,0
9,8   |  5,0    |  3,4
18,8  |  21,6   |  17,7
58,8  |  64,7   |  75,0
10,0  |  6,4    |  0,4
-     |  -      |
-     |  -      |
-     |  -      |
0,0   |  0,0    |  0,0
12,0  |  10,0   |  8,6
5,7   |  6,6    |  7,3
5,8   |  6,7    |  7,5
1,0   |  1,5    |  1,5
0,2   |  0,2    |  0,3
2,2   |  1,2    |  0,8
2,6   |  1,4    |  0,3
9,3   |  9,9    |  9,5
12,0  |  11,3   |  9,9
77    |  87     |  96
#
a     |  btn    |  bc     |  ck
0-24  |  24-55  |  55-91  |  91a+
2,51  |  -      |  -      |
1,46  |  -      |  -      |
0,15  |  0,04   |  -      |
9,7   |  -      |  -      |
10,2  |  20,6   |  -      |  12,9
39,6  |  31,0   |  -      |  25,8
39,2  |  36,4   |  -      |  43,9
11,7  |  12,4   |  -      |  16,9
0,3   |  0,1    |  -      |  0,5
0,3   |  -      |  -      |  0,5
-     |  -      |  -      |
0,0   |  2,3    |  0,6    |  3,7
17,7  |  26,6   |  18,1   |  15,9
5,1   |  7,4    |  8,0    |  8,5
5,3   |  7,9    |  8,8    |  9,3
1,2   |  -      |  -      |
0,3   |  -      |  -      |
1,9   |  -      |  -      |
2,7   |  -      |  -      |
5,4   |  15,34  |  18,02  |  12,01
10,5  |  -      |  -      |
13,2  |  20,1   |  -      |  13,0
-     |  -      |  -      |
14,4  |  27,2   |  8,0    |  5,4
12,0  |  112,8  |  188,0  |  122,0
6,0   |  1,4    |  1,6    |  1,0
1,6   |  9,6    |  4,8    |  8,0
10,9  |  70,7   |  105,2  |  68,2
43,2  |  89,0   |  100,0  |  59,2
#
a      |  e      |  bt     |  bc     |  c
0-18   |  18-38  |  38-56  |  56-84  |  84a+
1,79   |  0,29   |  0,32   |  0,25   |  0,08
1,11   |  0,18   |  0,20   |  0,16   |  0,05
0,114  |  0,028  |  0,039  |  -      |
9,7    |  6,4    |  5,1    |  -      |
7,4    |  4,4    |  17,8   |  16,8   |  4,6
26,9   |  21,0   |  18,3   |  17,5   |  16,2
54,1   |  60,0   |  58,2   |  52,9   |  50,7
12,5   |  14,9   |  6,9    |  13,4   |  28,0
-      |  -      |  -      |  -      |
-      |  -      |  -      |  -      |
-      |  -      |  -      |  -      |
0      |  0      |  0      |  0      |  0
16,0   |  9,8    |  21,7   |  19,7   |  10,0
5,7    |  6,6    |  7,3    |  7,8    |  9,2
6,0    |  6,8    |  7,5    |  8,2    |  9,4
2,0    |  1,3    |  2,8    |  2,2    |  0,9
0,2    |  0,5    |  0,9    |  1,8    |  4,3
1,3    |  1,1    |  2,1    |  2,3    |  1,7
1,0    |  0,2    |  0,4    |  -      |
8,0    |  6,3    |  13,5   |  13,5   |  10,0
9,4    |  6,6    |  14,1   |  13,0   |  10,0
85     |  95     |  96     |  100    |  100
#
a     |  e      |  btn    |  btm    |  bcm
0-18  |  18-25  |  25-37  |  37-50  |  50a+
1,96  |  0,89   |  0,81   |  0,38   |  0,19
1,14  |  0,52   |  0,47   |  0,22   |  0,11
0,14  |  0,09   |  0,08   |  0,06   |
8,1   |  5,8    |  5,9    |  0,3    |
10,8  |  7,7    |  18,3   |  17,0   |  16,5
37,8  |  38,1   |  32,7   |  32,9   |  33,4
42,1  |  41,0   |  40,4   |  41,2   |  39,9
9,1   |  11,8   |  8,1    |  9,4    |  9,9
-     |  -      |  -      |  -      |
-     |  -      |  -      |  -      |
-     |  -      |  -      |  -      |
0,0   |  0,0    |  0,0    |  1,2    |  0,7
27,5  |  8,7    |  26,9   |  25,6   |  24,8
5,4   |  6,4    |  7,6    |  8,5    |  8,8
5,5   |  6,5    |  7,8    |  9,0    |  9,2
1,0   |  1,2    |  1,2    |  -      |
0,3   |  0,8    |  4,4    |  3,1    |  9,4
1,5   |  1,0    |  2,0    |  1,5    |  2,7
1,5   |  1,0    |  -      |  -      |
-     |  -      |  31,0   |  23,0   |  70,0
-     |  -      |  -      |  -      |  3,11
8,1   |  7,0    |  13,9   |  -      |
9,9   |  8,1    |  13,9   |  13,0   |  13,3
82    |  86     |  100    |  -      |
#
a     |  btn    |  bc     |  ck
0-20  |  20-50  |  50-80  |  80a+
1,4   |  0,5    |  -      |
0,8   |  0,3    |  -      |
0,1   |  0,05   |  -      |
8     |  6      |  -      |
10,9  |  21,0   |  20,1   |  17,1
36,8  |  32,7   |  32,4   |  35,0
33,4  |  42,1   |  42,1   |  43,1
17,6  |  5,5    |  7,3    |  5,7
0,1   |  0,1    |  -      |
0,1   |  -      |  -      |
-     |  -      |  -      |
0,0   |  0,2    |  0,0    |  2,1
14,2  |  19,4   |  19,4   |  18,3
4,9   |  7,9    |  8,8    |  9
5,8   |  8,7    |  9,5    |  9,8
2,9   |  1,8    |  -      |
0,5   |  5,4    |  8,3    |  8,9
1,6   |  1,8    |  3,1    |  2,7
1,9   |  -      |  -      |
4,4   |  29,3   |  49,4   |  56,0
4,3   |  -      |  -      |
9,3   |  16,7   |  -      |
11,2  |  17,2   |  16,8   |  15,7
83    |  -      |  -      |
#
ap    |  ac     |  c
0-17  |  17-42  |  42a+
1,37  |  0,68   |
0,81  |  0,44   |
0,10  |  0,07   |
8,1   |  6,3    |
7,5   |  7,7    |  7,3
16,5  |  15,9   |  11,9
56,9  |  46,9   |  76,4
19,6  |  29,1   |  4,8
0,1   |  0,1    |  0,1
0,2   |  0,1    |  0,2
-     |  -      |
0,0   |  0,0    |  0,0
9,2   |  9,0    |  7,1
5,6   |  6,2    |  6,7
5,7   |  6,3    |  6,8
0,7   |  1,0    |  0,7
0,2   |  0,1    |  0,3
1,8   |  1,3    |  0,6
1,9   |  1,1    |  0,5
7,5   |  8,1    |  7,2
9,4   |  9,0    |  7,5
80    |  90     |  96
#
ap    |  a2     |  bw     |  bc     |  ck
0-10  |  10-22  |  22-49  |  49-78  |  78a+
1,72  |  1,89   |  1      |  0,5    |
1,0   |  1,1    |  0,6    |  0,3    |
0,1   |  0,16   |  0,11   |  -      |
1,0   |  6,9    |  5,4    |  -      |
15,4  |  16,0   |  17,0   |  12,1   |  11,3
48,6  |  48,0   |  44,1   |  46,6   |  48,1
32,4  |  32,9   |  36,3   |  38,2   |  39,0
2,3   |  1,3    |  0,9    |  1,6    |  0,2
0,4   |  0,6    |  -      |  -      |
-     |  -      |  -      |  -      |
-     |  -      |  -      |  -      |
0,0   |  0,0    |  0,0    |  0,0    |  3,0
17,8  |  17,6   |  17,6   |  14,2   |  14,1
5,5   |  5,6    |  6,7    |  7,3    |  8,3
5,8   |  5,9    |  6,9    |  7,5    |  8,6
0,7   |  0,5    |  1,0    |  1,0    |
0,3   |  0,2    |  0,2    |  0,3    |  3,5
2,5   |  1,8    |  1,9    |  1,0    |  1,2
2,3   |  2,2    |  0,8    |  0,3    |
36    |  -      |  -      |  -      |
9,5   |  10,2   |  11,2   |  10,5   |
11,9  |  12,5   |  12,0   |  10,9   |  9,7
80    |  82     |  92     |  96     |
#
ap    |  a2     |  ac     |  c
0-15  |  15-25  |  25-55  |  55a+
1,81  |  2,01   |  0,83   |
1,05  |  1,17   |  0,48   |
0,09  |  0,13   |  0,08   |
11,6  |  9      |  6      |
13,9  |  13,1   |  13,1   |  11,2
28,8  |  28,2   |  25,2   |  23,0
42,4  |  40,5   |  46,0   |  49,3
14,8  |  16,3   |  15,3   |  15,3
0,4   |  0,4    |  0,4    |  0,4
0,7   |  0,8    |  0,3    |  0,8
-     |  -      |  -      |
0,0   |  0,0    |  0,0    |  0,0
14,8  |  13,6   |  13,6   |  11,0
5,8   |  5,9    |  6,2    |  6,8
6,0   |  6,0    |  6,4    |  6,9
0,8   |  1,2    |  0,7    |  2,1
0,3   |  0,1    |  0,2    |  0,1
1,6   |  1,6    |  1,2    |  1,0
2,3   |  2,2    |  1,2    |  0,7
-     |  -      |  -      |
10,2  |  10,0   |  9,8    |  9,3
12,6  |  12,2   |  11,2   |  10,1
81    |  82     |  87     |  92
#
a     |  ac     |  c       |  ck
0-27  |  27-60  |  60-100  |  100a+
2.2   |  -      |  -       |
1.30  |  -      |  -       |
0.14  |  -      |  -       |
9.3   |  -      |  -       |
7.8   |  3.9    |  3.1     |  10.1
34.8  |  42.9   |  35.1    |  30.5
28.0  |  32.8   |  49.2    |  47.5
25.1  |  19.0   |  6.8     |  10.1
1.3   |  0.6    |  3.0     |
-     |  -      |  -       |
-     |  -      |  -       |
0.0   |  0.0    |  0.0     |  3.6
16.7  |  12.8   |  11.7    |  12.2
5.7   |  6.9    |  6.8     |  7.8
6.3   |  7.0    |  7.0     |  8.8
0.8   |  1.5    |  1.5     |
0.3   |  0.2    |  0.3     |  0.9
1.8   |  1.9    |  1.2     |  1.4
1.6   |  0.7    |  0.3     |
-     |  -      |  -       |  11.3
11.5  |  10.7   |  10.3    |
13.1  |  11.4   |  10.6    |  8.0
87.8  |  93.9   |  97.2    |
#
ap    |  a2     |  e      |  bt     |  bt2    |  bc
0-14  |  14-26  |  26-34  |  34-52  |  52-71  |  71a+
2,10  |  1,70   |  0,69   |  0,46   |  0,24   |  0,20
1,22  |  0,99   |  0,40   |  0,27   |  0,14   |  0,12
0,14  |  0,12   |  0,05   |  0,05   |  0,04   |
8,7   |  8,2    |  8,0    |  5,4    |  3,5    |
14,4  |  13,8   |  10,0   |  19,2   |  18,7   |  14,8
36,9  |  38,1   |  37,0   |  32,2   |  29,6   |  31,4
26,7  |  26,7   |  31,6   |  37,9   |  32,0   |  39,8
18,3  |  18,7   |  19,9   |  9,3    |  18,3   |  12,4
0,7   |  0,7    |  0,7    |  0,6    |  0,8    |  0,7
1,5   |  1,3    |  1,4    |  0,1    |  0,3    |  0,8
-     |  -      |  -      |  -      |  -      |
0,0   |  0,0    |  0,2    |  0,4    |  0,0    |  0,0
17,6  |  17,1   |  13,9   |  19,8   |  18,3   |  17,1
5,4   |  5,8    |  6,0    |  6,4    |  7,0    |  7,2
5,7   |  6,0    |  6,4    |  6,8    |  7,2    |  7,4
2,4   |  1,4    |  0,9    |  2,3    |  2,2    |  1,9
0,3   |  0,3    |  0,3    |  0,4    |  0,4    |  0,6
2,0   |  1,5    |  1,1    |  1,8    |  1,8    |  1,9
2,8   |  2,0    |  1,1    |  0,7    |  0,5    |  0,2
-     |  -      |  -      |  -      |  -      |
10,4  |  8,5    |  6,8    |  13,3   |  13,1   |  12,9
13,2  |  10,7   |  8,0    |  14,2   |  13,8   |  13,1
79    |  79     |  85     |  94     |  95     |  98
#
ap     |  bw     |  bc     |  c
0-21   |  21-40  |  40-66  |  66a+
2.89   |  0.97   |  0.61   |  0.29
1.68   |  0.57   |  0.36   |  0.17
0.168  |  0.078  |  0.059  |  0.039
10.0   |  7.3    |  6.1    |  4.3
14.8   |  15.6   |  12.4   |  9.6
34.0   |  29.8   |  29.9   |  28.3
49.8   |  54.0   |  56.4   |  57.8
0.5    |  0.5    |  0.3    |  2.1
0.2    |  -      |  -      |
-      |  -      |  -      |
-      |  -      |  -      |
0.0    |  0.0    |  0.0    |  0.0
19.0   |  17.1   |  14.9   |  13.2
5.0    |  6.3    |  6.5    |  6.8
5.6    |  6.8    |  7.1    |  7.8
1.9    |  1.6    |  2.6    |  2.7
0.3    |  0.3    |  0.3    |  0.3
2.8    |  2.1    |  1.7    |  1.9
2.7    |  1.9    |  0.6    |
-      |  -      |  -      |
12.2   |  11.2   |  11.6   |  12.0
14.8   |  13.0   |  12.1   |  11.8
82     |  86     |  96     |  100
#
a      |  e      |  btn    |  bc     |  ck
0-19   |  19-38  |  38-61  |  61-87  |  87a+
1.96   |  0.53   |  -      |  -      |
1.14   |  0.31   |  0.31   |  0.14   |  0.12
0.111  |  0.038  |  0.038  |  0.024  |  0.019
10.3   |  8.1    |  8.1    |  5.8    |  6.3
7.2    |  3.4    |  14.6   |  7.4    |  6.6
37.6   |  33.3   |  32.8   |  31.5   |  30.9
52.6   |  60.5   |  47.0   |  54.2   |  54.0
1.2    |  1.0    |  4.0    |  5.6    |  7.9
-      |  -      |  -      |  -      |
-      |  -      |  -      |  -      |
-      |  -      |  -      |  -      |
0.0    |  0.0    |  0.0    |  0.325  |  3.14
14.6   |  9.8    |  20.2   |  14.3   |  12.5
5.1    |  6.5    |  7.6    |  8.2    |  8.9
5.6    |  6.7    |  8.4    |  8.7    |  9.2
1.9    |  2.4    |  2.5    |  -      |
0.3    |  0.7    |  6.4    |  9.0    |  9.0
1.5    |  1.0    |  2.3    |  2.2    |  1.9
3.2    |  1.3    |  -      |  -      |
-      |  7.4    |  23     |  50     |
10.8   |  9.4    |  20.6   |  -      |
14.2   |  10.4   |  20.2   |  18.4   |  11.5
76     |  90     |  100    |  -      |
#
a     |  btk    |  bck    |  ck
0-19  |  19-38  |  38-58  |  58a+
1,9   |  0,9    |  -      |
1,10  |  0,50   |  -      |
0,13  |  -      |  -      |
8,5   |  -      |  -      |
10,0  |  26,2   |  12,9   |  6,3
36,5  |  20,1   |  17,7   |  22,5
41,2  |  40,4   |  55,7   |  61,9
6,1   |  7,9    |  8,1    |  5,6
-     |  -      |  -      |
-     |  -      |  -      |
-     |  -      |  -      |
0,0   |  5,5    |  0,7    |  0,5
18,7  |  27,0   |  16,5   |  14,8
7,0   |  8,1    |  8,4    |  9,1
7,3   |  8,8    |  9,1    |  9,6
1,4   |  -      |  -      |
0,6   |  3,1    |  5,4    |  1,5
1,4   |  2,1    |  2,6    |  2,5
-     |  -      |  -      |
5,4   |  21,4   |  54,0   |  17,0
11,2  |  -      |  -      |
11,2  |  14,5   |  10,0   |  8,8
100   |  -      |  -      |
#
ep     |  e2     |  btn    |  bc     |  c       |  ck
0-18   |  18-35  |  35-52  |  52-77  |  77-105  |  105a+
1,9    |  1,2    |  -      |  -      |  -       |
1,10   |  0,70   |  -      |  -      |  -       |
0,01   |  -      |  -      |  -      |  -       |
110,0  |  -      |  -      |  -      |  -       |
2,6    |  2,8    |  13,1   |  7,3    |  2,4     |  2,4
25,9   |  21,3   |  29,4   |  23,1   |  24,6    |  23,3
63,6   |  69,1   |  46,5   |  54,0   |  62,6    |  61,7
7,3    |  6,6    |  12,0   |  14,7   |  9,8     |  11,5
-      |  -      |  -      |  -      |  -       |
-      |  -      |  -      |  -      |  -       |
-      |  -      |  -      |  -      |  -       |
-      |  -      |  -      |  -      |  -       |
0,0    |  0,0    |  0,2    |  0,4    |  0,3     |  1,1
11,4   |  8,3    |  19,2   |  16,1   |  12,9    |  10,4
5,9    |  8,3    |  9,0    |  9,2    |  9,4     |  9,5
7,1    |  7,7    |  9,5    |  9,6    |  9,7     |  9,9
0,5    |  0,3    |  -      |  -      |  -       |
0,7    |  1,6    |  7,6    |  7,6    |  6,6     |  5,9
2,0    |  1,5    |  1,9    |  1,8    |  1,5     |  1,4
0,3    |  -      |  -      |  -      |  -       |
7,8    |  20,0   |  59,4   |  76,0   |  80,5    |  86,8
8,7    |  8,0    |  -      |  -      |  -       |
9,0    |  8,0    |  12,8   |  10,0   |  8,2     |  6,8
96,7   |  100    |  -      |  -      |  -       |
#
a     |  ac     |  c
0-25  |  25-53  |  53a+
1.6   |  -      |
0.9   |  -      |
0.06  |  -      |
15.0  |  -      |
16.2  |  15.6   |  8.6
37.3  |  34.5   |  35.8
42.9  |  46.8   |  49.6
3.3   |  1.6    |  3.6
0.1   |  0.2    |  0.2
-     |  -      |
-     |  -      |
0.0   |  0.0    |  0.0
16.2  |  15.0   |  11.2
5.3   |  6.1    |  6.7
5.6   |  6.1    |  7.0
0.8   |  0.7    |  0.7
0.5   |  0.3    |  0.4
2.1   |  1.6    |  1.1
1.3   |  1.0    |  0.4
2.0   |  1.0    |  1.1
11.5  |  11.6   |  10.9
12.8  |  12.6   |  11.3
90.0  |  92.0   |  96.0
#
a     |  ac     |  c
0-26  |  26-53  |  53a+
1.6   |  0.7    |
0.90  |  0.40   |
0.08  |  -      |
11.3  |  -      |
9.4   |  9.0    |  6.4
22.2  |  20.6   |  20.3
65.0  |  65.0   |  68.5
3.0   |  4.5    |  4.0
0.5   |  0.5    |  0.5
-     |  -      |  0.5
-     |  -      |
0.0   |  0.0    |  0.0
12.2  |  11.1   |  9.4
6.0   |  6.7    |  7.3
6.4   |  6.9    |  7.6
0.8   |  1.5    |  1.6
0.2   |  0.1    |  0.1
1.7   |  1.2    |  0.7
0.9   |  0.3    |
2.0   |  1.0    |  1.1
8.8   |  9.3    |  9.4
9.8   |  9.6    |  9.4
89.8  |  96.9   |  100.0
#
a     |  e      |  btn    |  bc     |  c
0-23  |  23-34  |  34-52  |  52-75  |  75a+
2,41  |  0,69   |  0,52   |  0,19   |
1,40  |  0,40   |  0,30   |  0,11   |
0,17  |  0,06   |  0,05   |  -      |
8,2   |  6,6    |  6,0    |  -      |
11,7  |  6,2    |  18,9   |  11,5   |  9,2
30,7  |  28,5   |  23,6   |  22,6   |  22,7
39,3  |  50,7   |  38,6   |  51,5   |  51,6
16,3  |  13,6   |  17,4   |  12,9   |  14,9
0,05  |  -      |  -      |  0,05   |  0,05
0,05  |  -      |  -      |  0,05   |  0,05
-     |  -      |  -      |  -      |
0,0   |  0,0    |  0,0    |  0,0    |  0,0
18,5  |  13,3   |  22,6   |  19,6   |  14,7
5,7   |  7,1    |  7,2    |  7,4    |  7,4
5,8   |  7,2    |  7,5    |  7,7    |  7,9
1,2   |  2,2    |  1,3    |  1,7    |  0,7
0,2   |  0,7    |  2,4    |  2,3    |  3,8
0,9   |  1,5    |  0,7    |  1,5    |  1,5
3,1   |  0,8    |  -      |  -      |
-     |  -      |  20,0   |  22,0   |  41,0
8,0   |  7,7    |  11,8   |  10,4   |  9,2
11,3  |  8,6    |  11,8   |  10,0   |  9,2
71    |  89     |  100    |  100    |  100
#
a      |  btn    |  bc     |  c       |  ckm
0-20   |  20-43  |  43-69  |  69-131  |  131a+
1,86   |  0,51   |  0,21   |  0,12    |  0,09
1,15   |  0,31   |  0,13   |  0,08    |  0,06
0,134  |  0,058  |  -      |  -       |
8,6    |  5,3    |  -      |  -       |
14,5   |  22,0   |  12,7   |  10,4    |  9,5
31,7   |  26,4   |  26,7   |  26,9    |  25,3
38,9   |  36,8   |  40,8   |  43,9    |  39,8
14,7   |  12,9   |  17,7   |  16,8    |  22,9
0,1    |  0,1    |  0,1    |  -       |
0,4    |  0,2    |  0,5    |  -       |
0,2    |  0,1    |  -      |  -       |
0,0    |  0,37   |  1,67   |  0,29    |  0,49
19,7   |  24,2   |  19,5   |  16,0    |  15,3
6,5    |  8,5    |  9,4    |  9,8     |  10,0
6,7    |  9,1    |  9,8    |  10,0    |  10,2
2,7    |  -      |  -      |  -       |
0,4    |  4,8    |  8,7    |  9,5     |  11,0
2,2    |  2,6    |  2,4    |  2,0     |  2,1
0,7    |  -      |  -      |  -       |
3,0    |  22,0   |  54,0   |  -       |
12,6   |  -      |  -      |  -       |
13,5   |  21,4   |  15,8   |  14,1    |  13,6
93     |  -      |  -      |  -       |
#
ak    |  ek     |  btk    |  bck
0-17  |  17-42  |  42-70  |  70a+
2,6   |  0,7    |  0,3    |  0,2
1,5   |  0,4    |  0,2    |  0,1
0,12  |  -      |  -      |
12,5  |  -      |  -      |
9,9   |  5,7    |  11,4   |  10,9
40,6  |  38,0   |  34,8   |  37,5
30,6  |  50,0   |  36,4   |  48,0
11,9  |  4,0    |  17,4   |  3,0
1,9   |  -      |  -      |
3,4   |  -      |  0,7    |
1,8   |  -      |  0,5    |
2,3   |  2,8    |  1,1    |  0,9
25,1  |  20,9   |  24,6   |  18,1
9,3   |  9,4    |  9,1    |  8,9
9,6   |  9,9    |  9,6    |  9,4
0,8   |  1,0    |  0,5    |  0,9
1,9   |  3,0    |  2,8    |  4,1
3,0   |  4,1    |  3,6    |  3,8
-     |  -      |  -      |
13,0  |  17,1   |  15,6   |  23,2
5,8   |  5,2    |  6,4    |  4,5
14,6  |  17,8   |  18,0   |  17,8
14,6  |  17,5   |  18,0   |  17,7
100   |  100    |  100    |  100
1,6   |  1,6    |  2,0    |  2,0
43,0  |  35,0   |  52,0   |  39,0
1,0   |  0,6    |  0,6    |  0,4
25,6  |  14,4   |  11,2   |  11,2
36,1  |  35,5   |  57,6   |  26,0
2,2   |  2,8    |  2,2    |  8,8
#
e     |  btn    |  btn2   |  bc      |  c
0-18  |  18-35  |  35-66  |  66-103  |  103a+
1,38  |  0,41   |  0,29   |  0,10    |
0,80  |  0,24   |  0,17   |  0,12    |
0,09  |  0,06   |  0,04   |  -       |
8,9   |  4,0    |  4,2    |  -       |
9,6   |  24,2   |  19,3   |  12,5    |  11,9
36,0  |  27,9   |  27,4   |  27,9    |  25,0
32,2  |  35,0   |  30,9   |  41,7    |  41,4
21,4  |  14,2   |  22,1   |  17,4    |  19,1
0,4   |  0,3    |  0,3    |  0,3     |  0,4
0,4   |  0,2    |  0,2    |  0,3     |  0,5
-     |  -      |  -      |  -       |
0,0   |  1,0    |  0,6    |  0,0     |  0,3
14,7  |  25,8   |  20,7   |  16,6    |  16,3
6,1   |  8,5    |  8,9    |  9,0     |  9,0
6,3   |  9,1    |  9,4    |  9,4     |  9,4
2,4   |  -      |  -      |  0,8     |
0,7   |  8,5    |  10,1   |  8,5     |  9,4
1,0   |  2,3    |  2,3    |  1,7     |  2,0
1,8   |  -      |  -      |  -       |
-     |  55     |  66     |  58      |  72
8,0   |  -      |  -      |  14,7    |
10,0  |  16,5   |  15,3   |  14,7    |  13,0
80    |  -      |  -      |  100     |
